<?xml version="1.0"?>
<opencv_storage>
<centroidsGridMat type_id="opencv-matrix">
  <rows>4</rows>
  <cols>4</cols>
  <dt>"2d"</dt>
  <data>
    2.3819981957600359e+002 4.3147767253044657e+002
    2.0191815272062183e+002 4.1192729766803842e+002
    1.7367225609756099e+002 3.8814075203252031e+002
    1.5214967203339296e+002 3.6172868217054258e+002
    2.6941666666666669e+002 4.0345370370370370e+002
    2.3602951388888889e+002 3.8485937500000000e+002
    2.0815551425030978e+002 3.6315489467162325e+002
    1.8519127988748241e+002 3.3979324894514770e+002
    2.9355114054451803e+002 3.7829212656364967e+002
    2.6349055177626605e+002 3.6073847316704456e+002
    2.3686473429951690e+002 3.4109017713365535e+002
    2.1405216622457999e+002 3.2045623342175065e+002
    3.1236168132942328e+002 3.5609970674486806e+002
    2.8534817012858554e+002 3.3992383778437187e+002
    2.6047071352502661e+002 3.2237273695420657e+002
    2.3839837398373982e+002 3.0443321718931475e+002</data></centroidsGridMat>
</opencv_storage>
