<?xml version="1.0"?>
<opencv_storage>
<centroidsGridMat type_id="opencv-matrix">
  <rows>4</rows>
  <cols>4</cols>
  <dt>"2d"</dt>
  <data>
    5.6656433637284704e+002 3.6767071935157037e+002
    5.3552254249815223e+002 3.7874722838137473e+002
    4.9662182603997832e+002 3.8901728795245810e+002
    4.4895307658255859e+002 3.9712660469234174e+002
    5.7021144967682358e+002 3.3316251154201291e+002
    5.3967414330218060e+002 3.4175015576323983e+002
    5.0089779005524861e+002 3.5005110497237570e+002
    4.5250879120879119e+002 3.5679084249084246e+002
    5.6960582690659805e+002 2.9641216795201370e+002
    5.3969072769953050e+002 3.0181631455399059e+002
    5.0147890295358650e+002 3.0698354430379749e+002
    4.5399190283400810e+002 3.1128542510121457e+002
    5.6532258064516134e+002 2.5929032258064518e+002
    5.3573383553044562e+002 2.6128123038292529e+002
    4.9855249343832020e+002 2.6300787401574803e+002
    4.5249198047419804e+002 2.6453207810320782e+002</data></centroidsGridMat>
</opencv_storage>
