<?xml version="1.0"?>
<opencv_storage>
<centroidsGridMat type_id="opencv-matrix">
  <rows>4</rows>
  <cols>4</cols>
  <dt>"2d"</dt>
  <data>
    6.7550328947368416e+002 2.2974616228070172e+002
    6.5642417500926945e+002 2.6517278457545416e+002
    6.2604132231404958e+002 3.0640909090909093e+002
    5.8277612293144205e+002 3.4866855791962172e+002
    6.3418717375093206e+002 2.2243773303504844e+002
    6.1331964969896001e+002 2.5212753147235904e+002
    5.8459842519685037e+002 2.8506692913385825e+002
    5.4754965357967671e+002 3.1842994611239413e+002
    5.9966150670794627e+002 2.1782559339525281e+002
    5.7878308207705186e+002 2.4252847571189278e+002
    5.5232426778242677e+002 2.6945467224546724e+002
    5.2058143939393938e+002 2.9661931818181819e+002
    5.7169457364341088e+002 2.1418139534883721e+002
    5.5173828125000000e+002 2.3513541666666666e+002
    5.2752941176470586e+002 2.5802941176470586e+002
    5.0021229586935635e+002 2.8064265129682997e+002</data></centroidsGridMat>
</opencv_storage>
