<?xml version="1.0"?>
<opencv_storage>
<centroidsMat>
  5.8216380690917413e+002 1.1619240448409974e+002
  5.3423768394113881e+002 7.9265834932821491e+001
  5.5309061876247506e+002 1.5162554890219559e+002
  5.1779475065616793e+002 1.1748661417322835e+002
  4.9258668653750613e+002 5.5650769995032284e+001
  5.3064624505928850e+002 1.7608300395256916e+002
  4.8549772727272727e+002 9.2502272727272725e+001
  4.5941451990632316e+002 4.0640905542544878e+001
  5.0376265270506104e+002 1.4544066317626525e+002
  5.1367640692640691e+002 1.9341883116883116e+002
  4.5767102396514156e+002 7.4059912854030500e+001
  4.7847836257309933e+002 1.2111812865497075e+002
  4.9278447121820614e+002 1.6661044176706827e+002
  4.7201300813008123e+002 1.4320813008130079e+002
  4.5572496263079216e+002 1.0165769805680118e+002
  4.5305777777777769e+002 1.2404000000000001e+002</centroidsMat>
</opencv_storage>
