<?xml version="1.0"?>
<opencv_storage>
<centroidsMat>
  3.5264211618257264e+002 4.5995331950207469e+002
  4.2427941712204006e+002 4.5979635701275043e+002
  4.8756695508858667e+002 4.5686279357231149e+002
  3.5487647336162189e+002 4.2796558227251290e+002
  4.1155539358600583e+002 4.2804373177842564e+002
  5.3756780538302269e+002 4.5102122153209103e+002
  4.6360402684563758e+002 4.2519742729306483e+002
  3.5637984496124034e+002 3.9924677002583974e+002
  5.0765784114052951e+002 4.2058587915818055e+002
  4.0272133333333329e+002 3.9909066666666661e+002
  4.4653636363636366e+002 3.9751590909090908e+002
  4.8489298245614032e+002 3.9385526315789474e+002
  3.5789444444444445e+002 3.7455555555555554e+002
  3.9668315018315013e+002 3.7454029304029302e+002
  4.3343910256410254e+002 3.7322542735042731e+002
  4.6724263839811539e+002 3.7086219081272083e+002</centroidsMat>
</opencv_storage>
