<?xml version="1.0"?>
<opencv_storage>
<centroidsMat>
  3.7357419054274396e+002 3.3079431632890753e+001
  3.0658921933085503e+002 3.8883209417596028e+001
  3.8134795698924728e+002 7.3872688172042999e+001
  2.5387833559475348e+002 5.0439167797376747e+001
  3.2701875000000001e+002 7.4546354166666660e+001
  3.8617987152034260e+002 1.0205281941470378e+002
  2.8134652014652011e+002 7.9465201465201460e+001
  2.1513319530710834e+002 6.3276742581090403e+001
  3.4153260869565219e+002 1.0089492753623188e+002
  2.4493776371308016e+002 8.6189873417721515e+001
  3.0179656862745094e+002 1.0203186274509802e+002
  3.8910119047619048e+002 1.2210238095238094e+002
  3.5172950819672133e+002 1.1984426229508196e+002
  2.6821844660194176e+002 1.0497734627831714e+002
  3.1682941176470587e+002 1.1916666666666666e+002
  2.8709592326139085e+002 1.2059232613908873e+002</centroidsMat>
</opencv_storage>
