<?xml version="1.0"?>
<opencv_storage>
<centroidsGridMat type_id="opencv-matrix">
  <rows>4</rows>
  <cols>4</cols>
  <dt>"2d"</dt>
  <data>
    2.9892742616033752e+002 4.3806582278481011e+002
    2.6325483692647867e+002 4.2786954118297399e+002
    2.1934350547730827e+002 4.1102464788732397e+002
    1.6925532553255326e+002 3.8439243924392440e+002
    2.9345270270270271e+002 4.0698648648648651e+002
    2.6248774509803923e+002 3.9404656862745099e+002
    2.2628793532338307e+002 3.7525186567164178e+002
    1.8740207715133531e+002 3.4983135509396635e+002
    2.8999038461538464e+002 3.8161538461538464e+002
    2.6333095238095234e+002 3.6707499999999999e+002
    2.3367735665694849e+002 3.4815354713313894e+002
    2.0234855769230768e+002 3.2434695512820508e+002
    2.8768803418803418e+002 3.6037820512820514e+002
    2.6500698080279227e+002 3.4564397905759165e+002
    2.4036811594202896e+002 3.2752028985507241e+002
    2.1457178526841446e+002 3.0580649188514354e+002</data></centroidsGridMat>
</opencv_storage>
