<?xml version="1.0"?>
<opencv_storage>
<centroidsMat>
  1.2388181550250513e+002 1.6687474211612141e+002
  9.1133906633906633e+001 2.0676863226863225e+002
  1.6450156250000001e+002 1.8220208333333332e+002
  7.0650557620817850e+001 2.4064002478314745e+002
  1.3341365461847388e+002 2.1310240963855421e+002
  1.1077168949771689e+002 2.4060182648401823e+002
  1.9398895027624309e+002 1.9287569060773481e+002
  5.7989119683481697e+001 2.6761325420375863e+002
  1.6569934640522877e+002 2.1742483660130719e+002
  9.4410052910052912e+001 2.6421164021164020e+002
  1.4284274193548387e+002 2.4039919354838710e+002
  2.1507909604519773e+002 2.0076129943502823e+002
  1.8986633663366337e+002 2.2111881188118812e+002
  1.2529650092081030e+002 2.6059116022099448e+002
  1.6865523809523808e+002 2.4025714285714287e+002
  1.5044285714285715e+002 2.5810000000000002e+002</centroidsMat>
</opencv_storage>
