<?xml version="1.0"?>
<opencv_storage>
<centroidsMat>
  8.9156395891690011e+001 2.3019841269841268e+002
  8.9488349976224441e+001 2.7893342843556820e+002
  8.8809876543209867e+001 1.8213530864197531e+002
  1.2633581349206348e+002 2.7640773809523807e+002
  1.2598559364133133e+002 2.3231942374565321e+002
  8.9520440251572325e+001 3.2497955974842768e+002
  1.2613106295149638e+002 1.8861919504643961e+002
  1.2663077759651983e+002 3.1820337139749864e+002
  1.6321156004489336e+002 2.7358024691358025e+002
  1.6297666666666666e+002 2.3388000000000000e+002
  1.6357933579335793e+002 3.1111992619926201e+002
  1.6312969483568074e+002 1.9473884976525821e+002
  9.0042656916514318e+001 3.6560999390615478e+002
  1.2769628229363578e+002 3.5537240075614369e+002
  1.6481489515545911e+002 3.4506001446131597e+002
  1.9810293115201091e+002 2.7042194955691883e+002
  1.9773157538877618e+002 2.3517985125084513e+002
  1.9797391304347826e+002 2.0056521739130434e+002
  1.9845982142857142e+002 3.0425669642857144e+002
  1.9951712614870507e+002 3.3515956558061816e+002
  2.2934018851756639e+002 2.6765895458440446e+002
  2.2905161854768153e+002 2.3643394575678039e+002
  2.2952030217186021e+002 2.9800849858356941e+002
  2.2916714150047480e+002 2.0533713200379864e+002
  2.3047204968944101e+002 3.2604037267080747e+002</centroidsMat>
</opencv_storage>
