<?xml version="1.0"?>
<opencv_storage>
<centroidsMat>
  6.3176085818942954e+002 1.7188435374149660e+002
  6.0803381642512068e+002 1.2572500929022668e+002
  5.8899703515459544e+002 1.9296230410842861e+002
  5.7441291040623253e+002 1.5236449638286032e+002
  5.8396883695047302e+002 9.1910406232609901e+001
  5.5564744864148440e+002 2.0811265738899931e+002
  5.5829731800766274e+002 1.2031340996168581e+002
  5.4690640394088666e+002 1.7264285714285714e+002
  5.6283711167086472e+002 6.7781696053736354e+001
  5.3048775292864741e+002 2.1860915867944618e+002
  5.3652364864864865e+002 1.4296959459459458e+002
  5.4295483870967746e+002 9.5583870967741930e+001
  5.2508238276299107e+002 1.8795944233206589e+002
  5.2579365079365073e+002 1.1887301587301586e+002
  5.1830015797788303e+002 1.6083254344391784e+002
  5.1091260162601623e+002 1.3777032520325201e+002</centroidsMat>
</opencv_storage>
