<?xml version="1.0"?>
<opencv_storage>
<centroidsMat>
  3.6129374829374825e+002 4.3766393666393662e+002
  4.2093479014915016e+002 4.3077696843565724e+002
  3.5325520833333331e+002 3.9733897569444440e+002
  4.0335893333333331e+002 3.9504746666666665e+002
  4.6900298507462685e+002 4.1944975124378107e+002
  4.4612916666666666e+002 3.8913888888888886e+002
  3.4805600539811064e+002 3.6656882591093120e+002
  5.0572234432234433e+002 4.0709157509157507e+002
  3.9057462686567163e+002 3.6684577114427861e+002 481.
  3.8184745762711867e+002 3.4485511982570802e+002
  3.4365686274509807e+002 4.2836528221512242e+002
  3.6472630457933968e+002 3.8130935251798559e+002
  3.4525539568345323e+002 4.6034016393442624e+002
  3.6082377049180326e+002 4.1449626307922267e+002
  3.4471898355754854e+002 4.4387025948103792e+002
  3.4329540918163667e+002</centroidsMat>
</opencv_storage>
