<?xml version="1.0"?>
<opencv_storage>
<centroidsMat>
  8.2380113636363632e+001 2.7030738636363634e+002
  8.8231710362047437e+001 3.3189987515605492e+002
  1.3839453246349797e+002 2.6888164026095063e+002
  1.0320982142857143e+002 3.8034263392857144e+002
  1.3853271389856755e+002 3.1870731707317071e+002
  1.4525370086778966e+002 3.6076212353241448e+002
  1.8021587301587303e+002 2.6670634920634922e+002
  1.2082780686445606e+002 4.1586620127981382e+002
  1.7777300995024873e+002 3.0802425373134326e+002
  1.5521103653989559e+002 3.9414914243102163e+002
  2.1122139303482587e+002 2.6502985074626866e+002
  1.7961847389558230e+002 3.4433895582329313e+002
  2.0757115009746587e+002 2.9982943469785573e+002
  1.8434895833333331e+002 3.7463020833333331e+002
  2.0700357142857143e+002 3.3123333333333329e+002
  2.0831732168850073e+002 3.5879621542940316e+002</centroidsMat>
</opencv_storage>
